0.495   10.418898
1.495   9.950804
2.495   9.82146
3.495   9.850474
4.495   9.696533
5.495   9.753499
6.495   9.762932
7.495   9.723365
8.495   10.014191
9.495   10.090842
10.495  9.997436
11.495  10.016979
12.495  10.031467
13.495  9.924226
14.495  9.890284
15.495  9.77921
16.495  9.702351
17.495  9.716536
18.495  9.71042
19.495  9.384672
20.495  9.517883
21.495  9.664516
22.495  9.632805
23.495  9.735373
24.495  9.765346
25.495  9.645189
26.495  9.641912
27.495  10.163867
28.495  10.181592
29.495  9.926333
30.495  10.033085
31.495  10.127791
32.495  10.311988
33.495  9.808517
34.495  10.272553
35.495  10.329018
36.495  10.309202
37.495  10.098222
38.495  10.159035
39.495  9.957952
40.495  9.998584
41.495  10.069609
42.495  9.89074
43.495  9.84689
44.495  9.708708
45.495  9.649786
46.495  9.325311
47.495  9.555045
48.495  9.554562
49.495  9.524442
50.495  9.699064
51.495  9.362999
52.495  9.786994
53.495  9.765195
54.495  9.670958
55.495  9.35132
56.495  9.761409
57.495  9.392701
58.495  9.356889
59.495  9.408867
60.495  9.417254
61.495  9.628405
62.495  9.901407
63.495  9.670194
64.495  9.662455
65.495  9.639038
66.495  9.812234
67.495  9.671042
68.495  9.75535
69.495  9.745772
70.495  9.912268
71.495  9.785694
72.495  9.817339
73.495  10.029068
74.495  9.936254
75.495  9.606431
76.495  9.515212
77.495  9.756271
78.495  9.687815
79.495  9.531412
80.495  10.024444
81.495  9.846199
82.495  9.600954
83.495  9.470863
84.495  9.530602
85.495  9.471397
86.495  9.569076
87.495  9.97256
88.495  9.945459
89.495  9.539951
90.495  9.730874
91.495  9.708173
92.495  9.728682
93.495  9.636923
94.495  9.51818
95.495  9.694912
96.495  10.127011
97.495  10.343201
98.495  10.326031
99.495  10.14791
100.495 10.362019
101.495 10.27092
102.495 10.137325
103.495 9.942941
104.495 10.193326
105.495 10.257613
106.495 9.895024
107.495 9.655592
108.495 9.483453
109.495 9.684728
110.495 9.885463
111.495 10.026399
112.495 10.047047
113.495 10.1834
114.495 10.090755
115.495 9.975076
116.495 10.050849
117.495 9.994183
118.495 9.807983
119.495 9.722695
120.495 9.801534
121.495 9.907951
122.495 9.860322
123.495 9.869689
124.495 9.895987
125.495 9.841974
126.495 9.951846
127.495 9.832937
128.495 9.885062
129.495 9.813783
130.495 9.684291
131.495 9.885339
132.495 9.708161
133.495 9.754633
134.495 9.792124
135.495 9.808579
136.495 9.811543
137.495 9.782301
138.495 9.56639
139.495 9.841753
140.495 9.914329
141.495 9.977631
142.495 9.749889
143.495 9.76908
144.495 9.882627
145.495 9.841321
146.495 9.832708
147.495 10.450935
148.495 10.140794
149.495 9.723987
150.495 9.397698
151.495 9.557581
152.495 9.281402
153.495 9.572753
154.495 10.605842
155.495 9.995828
156.495 10.119981
157.495 10.080965
158.495 10.009468
159.495 10.040681
160.495 10.135203
161.495 10.351259
162.495 10.101901
163.495 9.943474
164.495 9.987632
165.495 9.823331
166.495 10.067644
167.495 9.987817
168.495 10.070786
169.495 9.883877
170.495 9.94227
171.495 10.033562
172.495 9.982595
173.495 10.068419
174.495 10.139153
175.495 9.979704
176.495 9.699483
177.495 10.011893
178.495 9.928017
179.495 10.124135
180.495 10.066833
181.495 10.069324
182.495 10.351573
183.495 10.644679
184.495 11.008727
185.495 10.476585
186.495 10.563549
187.495 10.955261
188.495 10.288914
189.495 10.181921
190.495 10.173754
191.495 10.202548
192.495 9.969597
193.495 10.012764
194.495 10.104414
195.495 10.037142
196.495 10.074749
197.495 10.001254
198.495 10.077487
199.495 10.052823
200.495 9.915133
201.495 9.842852
202.495 9.667
203.495 9.657872
204.495 9.84561
205.495 9.451061
206.495 9.62459
207.495 10.257664
208.495 9.91896
209.495 9.672087
210.495 9.773147
211.495 9.978817
212.495 10.004964
213.495 10.081589
214.495 9.982108
215.495 9.809712
216.495 9.479629
217.495 10.004244
218.495 9.925939
219.495 10.040169
220.495 10.30559
221.495 9.708866
222.495 9.785239
223.495 9.832165
224.495 9.73784
225.495 9.392737
226.495 9.914623
227.495 9.673237
228.495 9.494724
229.495 9.626924
230.495 9.583567
231.495 9.633996
232.495 9.254592
233.495 9.786718
234.495 10.461098
235.495 10.652362
236.495 10.060664
237.495 10.014629
238.495 9.598738
239.495 9.610362
240.495 9.628961
241.495 9.458214
242.495 9.423989
243.495 9.690958
244.495 9.763616
245.495 9.857896
246.495 9.858091
247.495 9.760202
248.495 9.932053
249.495 9.77053
250.495 9.814235
251.495 9.782696
252.495 9.957203
253.495 10.112691
254.495 10.044214
255.495 9.806607
256.495 9.99203
257.495 9.884048
258.495 9.970362
259.495 9.894917
260.495 9.829692
261.495 9.966207
262.495 10.02361
263.495 9.920719
264.495 9.961572
265.495 10.083698
266.495 10.041025
267.495 9.979657
268.495 9.966049
269.495 9.878101
270.495 9.707976
271.495 9.821568
272.495 9.903031
273.495 10.094413
274.495 10.063516
275.495 9.959853
276.495 9.748308
277.495 10.022636
278.495 10.022269
279.495 9.907438
280.495 9.828258
281.495 9.82824
282.495 9.97273
283.495 10.027607
284.495 10.001367
285.495 9.983068
286.495 10.071244
287.495 10.043729
288.495 9.95981
289.495 10.008244
290.495 10.13468
291.495 10.166469
292.495 10.011308
293.495 10.177845
294.495 10.112561
295.495 9.957638
296.495 9.892344
297.495 9.929006
298.495 10.008845
299.495 9.760489
